1100 1100
512 512
512 514
511 516
514 510
507 511
504 510
513 506
512 516
518 510
510 520
520 514
522 508
503 511
522 511
504 505
500 506
517 503
508 522
521 499
505 502
523 514
497 508
508 499
512 522
509 524
520 498
527 509
529 512
529 505
496 511
515 524
501 500
523 499
502 498
528 517
494 512
497 500
493 499
514 529
501 495
491 511
509 529
527 520
534 504
536 507
497 516
510 495
537 504
535 501
532 515
535 500
541 507
511 494
535 519
540 499
509 491
507 488
542 498
496 496
523 497
504 523
506 533
544 507
543 511
495 518
538 517
487 510
507 486
548 506
535 496
547 512
506 483
552 511
524 495
496 492
549 512
503 532
488 506
552 514
556 509
527 494
556 515
561 509
500 529
541 495
492 492
551 503
534 522
555 501
489 514
487 518
506 480
503 535
504 479
534 525
543 492
491 522
537 524
539 526
490 487
535 530
560 501
499 538
502 474
491 523
539 529
539 492
560 514
490 487
484 511
500 480
544 530
540 490
497 538
566 509
512 533
562 512
560 499
487 501
482 506
533 532
515 534
502 473
546 493
568 513
497 542
486 524
567 507
480 511
501 473
569 515
522 492
559 517
480 515
557 496
547 532
498 471
546 488
569 508
555 493
568 503
484 500
570 499
480 505
500 468
572 509
502 541
475 506
569 496
550 535
523 488
574 514
484 525
494 470
578 511
472 509
494 470
500 463
546 484
469 508
503 545
582 512
485 526
578 514
494 538
561 520
562 521
491 483
480 525
534 534
492 473
535 534
484 531
492 467
489 474
495 464
506 544
547 485
582 514
554 491
489 465
486 470
587 512
568 494
568 490
550 529
491 542
485 464
551 484
481 470
493 539
553 482
545 480
480 469
489 546
497 460
482 465
503 545
496 456
557 483
589 509
479 473
562 523
590 515
503 462
504 461
476 472
555 478
573 498
472 473
594 510
481 531
570 494
591 515
558 477
507 459
508 547
471 474
592 506
597 508
478 534
597 513
558 476
554 472
574 494
500 455
595 518
558 471
547 537
508 457
600 513
601 507
506 552
483 460
479 538
489 547
475 469
477 524
482 458
477 536
601 503
605 511
591 501
604 503
592 521
473 479
605 505
600 499
590 523
512 550
469 511
592 527
550 472
596 497
588 524
553 537
502 553
502 553
502 555
510 456
602 495
514 552
562 524
513 455
608 514
606 516
587 528
510 454
467 472
594 530
484 546
471 479
467 478
512 557
523 485
577 490
553 470
499 556
547 468
552 541
476 523
495 555
605 521
552 468
593 535
517 453
590 539
605 494
608 496
560 467
606 520
564 470
466 469
611 511
557 465
475 520
601 523
614 510
480 460
615 513
609 521
473 526
566 523
566 466
567 463
498 559
608 494
478 458
605 492
483 453
519 554
479 452
518 557
520 553
486 486
493 556
473 482
475 455
603 526
616 517
480 545
503 451
547 468
514 537
608 490
594 534
470 515
618 510
569 467
471 530
572 466
573 466
606 487
621 513
572 464
622 517
625 512
518 561
463 471
625 521
462 476
547 542
461 472
467 516
569 459
625 520
604 529
629 523
486 451
599 535
461 469
513 453
608 531
570 455
521 563
467 504
471 454
559 527
613 496
462 468
627 524
607 486
522 551
471 451
522 483
491 451
468 458
628 513
525 551
628 510
631 521
503 449
480 544
628 506
463 516
492 559
630 526
596 538
499 448
499 561
473 448
525 550
631 510
553 539
603 484
457 477
608 483
612 530
635 509
471 533
603 479
456 478
632 511
578 467
462 512
607 477
610 475
500 443
465 457
597 541
551 542
636 523
453 476
595 545
549 546
587 539
466 531
638 507
601 541
492 564
603 544
602 476
637 503
463 459
596 549
529 550
639 505
463 505
616 497
575 455
556 462
454 479
634 528
634 530
641 506
566 456
637 519
617 496
602 548
451 475
574 452
447 476
644 509
611 474
566 452
646 506
574 451
595 552
581 464
487 560
613 472
648 507
578 452
639 500
567 449
586 540
546 548
469 526
581 468
492 447
610 470
579 447
613 469
476 446
519 564
477 443
649 504
460 513
502 442
632 531
475 440
455 483
639 523
494 567
473 444
633 533
552 459
464 531
485 485
445 478
632 536
598 553
558 538
461 455
652 505
568 447
616 465
559 538
462 533
480 442
655 505
450 473
446 473
485 562
477 545
637 533
515 563
640 537
444 479
459 536
590 552
457 511
643 522
658 507
643 497
477 438
441 481
642 534
481 437
642 534
639 498
648 497
619 468
615 464
550 551
642 492
621 469
530 554
649 494
475 435
519 455
476 432
580 451
607 544
547 460
579 443
442 470
632 540
617 462
473 546
619 463
659 504
642 491
656 509
594 555
644 491
498 440
632 541
663 504
617 459
662 508
484 561
601 556
566 445
645 490
459 458
505 442
639 487
644 485
455 458
442 485
591 556
664 512
501 436
452 461
458 455
514 564
632 542
647 521
664 502
666 513
520 569
661 514
520 571
599 558
572 446
482 433
455 453
453 459
613 458
458 450
660 515
671 514
472 431
521 453
485 435
617 455
520 574
674 511
582 449
649 483
589 556
578 441
606 558
634 543
543 468
666 499
618 457
503 563
674 510
483 560
638 544
588 557
479 559
601 561
451 465
524 568
605 561
604 566
611 455
671 518
631 546
521 449
642 481
439 487
678 512
669 520
452 450
642 476
606 566
609 563
476 428
452 510
524 573
680 511
462 536
601 567
552 552
474 550
449 459
613 563
665 522
524 456
454 447
673 522
652 494
602 569
611 560
520 574
479 562
669 523
526 574
532 557
646 480
474 563
640 474
612 557
668 525
647 475
567 443
474 558
680 515
498 432
671 525
615 567
454 446
523 447
458 443
674 527
615 452
469 564
622 472
611 570
677 527
616 568
668 502
671 501
614 571
614 573
682 519
685 511
473 427
519 578
457 442
647 471
685 510
682 523
469 545
672 531
475 565
476 424
575 439
685 510
566 440
690 512
470 426
516 579
487 430
474 423
674 498
694 511
607 455
694 507
612 574
472 568
683 527
617 577
674 496
649 468
649 464
697 508
697 505
694 503
564 444
508 442
670 532
698 506
652 469
500 433
687 525
489 429
637 474
617 581
672 536
640 547
694 499
471 571
681 529
583 446
642 546
639 551
691 495
618 450
645 545
700 508
600 570
458 439
477 419
704 507
495 569
621 579
691 526
480 422
565 439
469 543
707 507
528 577
647 548
482 422
692 528
706 512
646 550
469 561
706 502
673 539
585 443
506 565
563 439
450 449
708 504
437 480
642 553
709 514
454 439
478 415
477 413
712 505
453 438
690 532
456 515
458 531
712 512
708 501
438 485
707 516
573 435
469 561
713 517
619 449
712 498
500 428
640 556
716 519
455 506
717 515
711 496
704 519
455 537
675 539
622 446
454 517
504 427
716 499
435 482
573 433
649 550
454 519
718 500
644 559
719 520
451 434
652 552
723 518
725 516
622 444
500 426
697 497
716 496
451 436
615 579
723 523
513 581
587 445
475 414
449 508
480 412
530 578
456 503
472 416
689 534
612 583
652 472
718 495
624 443
498 423
444 489
622 583
716 491
561 437
727 519
585 560
718 502
455 433
718 525
619 445
650 554
466 559
472 571
693 530
696 534
490 571
626 442
719 501
724 511
699 534
449 505
628 439
625 582
497 422
446 492
632 440
714 491
473 412
655 465
601 575
723 505
726 526
448 432
724 529
472 409
475 572
589 442
728 525
725 530
729 514
494 422
432 481
654 552
624 582
615 586
665 534
520 446
632 444
630 582
636 442
429 483
729 515
513 577
563 435
655 477
464 563
731 514
719 531
671 541
733 510
722 534
652 558
716 534
472 576
591 438
718 487
729 532
657 556
674 543
572 433
721 486
576 431
426 480
452 539
649 561
656 561
734 507
737 511
717 483
740 510
658 467
577 427
596 571
461 566
673 544
729 536
742 513
472 579
724 485
448 434
716 480
637 437
475 405
443 432
731 537
476 404
496 420
494 416
658 564
425 477
452 537
530 580
504 565
654 564
484 409
729 541
679 544
724 483
637 446
733 540
589 439
448 505
562 433
467 545
530 582
680 544
587 560
527 448
446 428
579 424
442 427
640 442
696 494
628 585
624 589
742 508
488 410
725 483
506 423
517 583
440 427
632 582
655 494
681 543
726 489
648 563
731 545
435 429
485 406
529 448
660 566
745 512
468 411
423 477
470 576
516 585
728 483
508 429
627 591
497 417
730 479
745 513
735 504
547 553
718 537
733 541
515 589
437 424
440 423
636 434
590 437
642 441
748 509
641 434
736 539
635 430
527 585
728 479
733 480
737 500
436 424
557 434
736 478
600 576
610 586
741 498
576 424
432 421
748 515
500 413
664 565
664 570
422 482
737 479
732 545
666 573
716 539
432 420
639 431
420 481
737 475
739 481
738 482
511 590
740 484
475 402
741 472
593 435
751 506
443 506
744 474
729 548
752 508
744 470
747 477
667 569
422 473
683 544
478 400
660 553
746 469
466 577
667 574
651 461
472 582
756 512
417 479
464 411
474 397
669 578
507 419
730 474
742 468
740 464
463 561
476 584
672 580
755 515
452 520
429 487
432 426
717 542
756 506
451 539
421 469
427 424
417 482
514 593
741 461
757 513
472 400
672 575
625 592
720 545
756 518
637 427
657 478
746 461
462 577
729 472
727 470
417 468
430 491
678 495
416 472
471 586
412 482
439 505
418 465
459 559
728 551
635 585
628 435
761 510
750 475
738 535
594 437
472 399
471 399
511 423
412 471
639 424
635 586
764 512
718 546
730 554
744 459
580 427
471 393
740 458
642 447
643 450
736 458
448 535
490 573
412 482
627 432
746 460
410 486
676 576
624 596
622 596
672 547
558 431
448 539
642 428
742 534
415 464
749 459
680 575
574 422
623 597
752 459
470 588
407 488
466 589
414 462
716 548
411 461
457 565
759 517
441 508
510 416
749 456
681 573
636 423
752 473
624 428
739 496
466 593
641 420
765 516
533 581
685 573
738 456
670 580
637 419
676 582
754 457
758 458
574 419
530 588
769 516
508 593
728 558
679 584
468 392
742 531
745 530
624 597
711 549
426 425
473 390
407 471
594 569
733 454
756 473
626 425
429 419
732 555
514 425
515 417
684 541
744 485
464 588
463 593
761 473
645 428
744 537
759 457
435 417
760 521
417 459
428 416
462 597
430 412
475 587
475 389
580 424
464 392
594 433
734 553
458 595
733 450
648 431
757 453
760 460
747 488
754 451
762 523
638 584
447 530
745 535
762 462
648 426
443 537
649 423
747 528
467 599
650 427
423 427
760 450
653 426
768 512
765 461
731 560
639 585
621 425
728 563
642 582
687 574
760 505
644 587
715 479
645 590
625 421
769 508
464 392
470 602
764 450
683 583
763 524
516 594
407 473
455 565
758 502
730 567
644 417
433 408
622 599
767 522
518 597
772 516
620 598
771 522
461 395
764 529
774 522
775 512
405 475
778 523
776 509
767 463
729 569
460 389
463 602
675 587
616 600
762 447
655 424
423 425
535 577
715 551
418 429
738 556
583 423
488 407
779 507
680 586
769 465
644 590
658 425
538 578
461 385
403 490
765 449
618 600
434 494
674 591
403 479
415 455
738 454
657 463
456 593
469 602
624 418
620 420
457 564
463 606
514 427
417 425
766 460
771 465
455 599
777 504
775 462
776 458
768 445
776 527
465 609
684 585
776 461
777 456
409 458
508 598
780 456
450 564
676 591
452 598
616 417
774 500
403 492
458 389
773 530
779 519
498 413
671 593
731 568
771 469
782 505
726 572
655 421
735 571
399 477
769 447
737 543
784 457
516 416
779 498
676 592
463 609
782 523
658 428
739 571
614 596
659 433
760 443
461 612
688 576
740 570
573 417
769 442
783 521
786 520
759 440
451 568
784 458
401 490
732 450
780 453
780 529
738 556
416 424
774 447
508 594
788 455
513 414
724 574
457 611
501 408
716 554
781 508
659 419
790 453
761 438
689 578
741 568
769 438
790 459
467 613
592 569
466 618
793 452
454 612
408 458
515 599
789 523
639 414
672 595
454 389
658 415
502 407
561 427
487 404
479 584
724 574
782 532
452 385
788 518
639 410
744 572
429 490
796 449
446 529
674 598
455 613
455 383
788 463
452 380
479 587
795 456
745 576
417 431
784 506
722 577
558 424
636 410
449 567
788 508
446 567
613 603
642 409
574 414
782 531
790 520
667 592
791 507
473 387
614 607
609 601
764 435
413 426
399 489
415 422
799 458
725 469
659 414
427 491
756 437
783 449
441 538
397 488
800 449
633 413
396 488
442 568
768 433
397 480
748 573
761 529
505 598
784 448
437 507
788 465
707 548
756 433
742 566
802 445
719 575
513 603
723 578
441 535
676 599
456 377
574 411
517 603
802 459
459 377
402 470
569 413
687 587
754 430
454 375
788 467
679 598
785 534
461 376
796 446
747 532
805 456
690 588
794 441
393 486
460 372
744 580
768 432
751 576
519 606
752 573
557 551
717 577
782 497
786 534
454 613
504 602
611 606
754 575
575 406
647 587
642 594
457 371
721 581
756 572
640 595
733 448
606 602
689 575
783 537
463 371
641 405
466 370
415 434
505 606
679 601
677 604
760 574
403 497
803 441
391 485
452 592
439 510
444 569
806 451
789 535
612 611
469 370
787 539
794 521
783 445
502 604
639 401
805 461
792 535
759 429
753 579
414 436
452 609
753 437
806 450
807 463
440 569
412 423
789 542
673 603
755 580
810 448
409 455
770 430
808 454
747 566
472 372
811 447
815 445
798 523
499 406
453 616
798 520
605 604
751 427
757 583
539 583
760 584
409 422
466 366
511 411
618 414
577 406
794 438
762 572
793 535
664 595
802 523
565 412
760 426
636 405
405 425
400 498
663 596
401 424
659 413
750 424
444 563
683 600
613 615
639 396
745 582
636 397
502 597
660 413
813 448
520 607
448 592
428 410
806 520
791 544
817 445
818 442
474 368
388 485
798 516
612 417
540 585
760 568
803 438
521 606
803 436
795 510
791 467
608 583
807 524
805 436
806 435
800 433
808 519
678 608
400 470
454 621
572 405
822 444
732 446
811 434
664 598
616 617
810 518
808 516
401 421
571 403
810 514
813 520
605 603
800 430
799 513
438 568
389 481
826 444
819 439
811 510
811 507
475 364
644 596
474 374
579 404
760 587
679 611
398 422
639 393
662 412
828 441
509 406
677 613
750 422
612 616
463 620
727 447
730 443
823 437
766 574
438 571
721 585
397 501
827 434
435 572
694 588
784 543
498 603
725 585
447 594
476 370
664 408
662 405
829 447
815 507
631 396
385 489
725 588
746 419
764 588
400 419
825 432
674 614
525 610
478 367
473 360
399 420
795 469
483 367
434 573
502 610
833 441
809 466
764 590
394 422
749 418
525 612
450 374
385 482
610 620
608 591
454 367
427 494
581 559
616 621
614 624
747 416
810 431
808 528
447 609
482 371
766 428
827 450
386 479
683 610
434 576
522 614
814 523
579 401
726 587
616 627
830 435
498 612
398 417
445 613
459 398
835 441
816 520
485 370
637 388
685 615
836 440
608 620
542 584
744 418
792 546
393 422
390 422
839 438
743 415
437 510
408 451
664 603
614 415
830 452
445 608
485 364
839 437
609 625
487 362
770 429
453 367
821 433
811 504
743 410
387 424
396 414
634 390
395 470
424 413
770 425
471 613
449 365
459 365
554 431
614 628
818 430
838 440
443 613
483 360
467 618
601 605
393 467
382 477
842 437
846 438
820 519
784 546
820 522
617 632
686 615
482 355
454 622
457 625
846 436
847 431
826 453
851 435
689 616
606 625
583 401
394 467
760 592
573 400
831 453
818 428
639 386
848 430
846 427
821 517
844 426
852 432
832 453
642 384
854 431
463 625
383 489
506 612
460 626
811 468
379 476
829 455
447 363
760 596
484 351
386 428
825 518
814 502
820 425
569 398
740 407
385 420
490 363
499 402
382 420
449 387
662 597
752 414
468 626
446 374
473 614
464 630
824 522
746 583
491 359
492 363
815 498
495 365
821 424
449 623
384 431
645 385
768 572
636 385
850 427
725 589
759 597
613 632
383 433
845 422
462 634
756 414
613 633
829 519
397 411
619 632
845 418
475 614
489 403
726 445
858 430
439 538
435 540
521 619
494 357
443 365
600 577
657 459
621 634
859 426
859 424
449 362
781 544
677 618
379 473
437 579
462 634
823 422
862 425
616 411
445 623
792 550
820 420
859 422
457 633
397 505
667 405
828 524
862 427
446 358
866 430
444 357
869 432
458 634
478 356
865 434
837 452
442 358
819 504
811 472
645 406
813 469
793 551
872 428
501 615
724 593
380 422
640 599
837 455
379 430
829 519
526 606
377 479
495 370
869 433
796 546
377 479
448 624
649 384
604 629
872 436
832 522
498 356
381 417
642 381
872 424
442 607
582 564
774 426
604 618
383 491
797 548
377 416
875 426
633 385
792 437
488 350
831 528
869 440
456 638
498 356
837 522
879 425
382 492
859 419
874 438
446 388
443 624
375 474
875 439
376 419
600 627
760 600
492 351
600 625
432 570
439 361
487 347
795 551
800 544
826 419
402 506
376 415
798 553
875 442
880 426
881 422
415 420
428 406
769 572
377 412
769 587
466 634
759 600
438 366
883 423
381 495
429 402
599 632
878 441
641 377
620 638
879 445
624 640
877 446
885 428
879 447
880 447
848 442
885 430
878 418
889 427
798 429
435 364
715 580
720 592
768 588
428 401
498 398
819 505
438 608
430 578
445 628
469 636
739 407
772 422
468 638
623 641
892 425
432 565
799 555
892 421
770 421
817 421
895 425
488 344
567 398
756 412
439 515
597 632
465 642
500 357
777 423
445 597
826 416
740 403
491 347
439 625
379 471
692 619
455 638
838 460
493 347
835 518
612 410
604 632
724 440
835 515
467 643
395 410
743 583
438 370
761 600
453 641
875 451
375 430
442 373
565 409
833 530
720 594
492 344
627 643
652 385
847 417
897 427
829 530
856 417
502 356
773 586
841 418
632 645
798 560
899 426
900 424
659 403
834 532
901 425
903 423
833 535
399 407
371 472
840 526
508 615
628 384
453 642
452 646
753 408
443 352
762 605
772 586
903 429
395 406
903 421
852 443
679 619
775 588
904 420
437 375
882 450
766 607
883 454
846 413
530 606
436 536
909 418
594 636
842 523
823 415
910 419
905 431
488 341
457 646
435 360
648 381
776 418
913 419
912 422
688 617
484 340
881 455
433 360
777 586
844 519
370 471
758 603
911 417
913 426
493 340
651 385
429 565
441 375
392 502
450 650
839 417
886 456
836 536
402 508
673 621
795 560
604 600
448 654
853 412
757 409
526 615
627 641
630 381
886 458
590 634
642 375
506 356
435 612
445 351
854 410
373 433
916 421
469 643
856 408
915 415
889 458
372 415
442 349
774 590
479 338
838 537
441 348
492 336
693 619
884 459
378 490
369 416
384 499
814 418
443 344
755 407
374 409
472 647
367 420
770 609
394 402
844 516
731 586
920 421
852 405
860 407
631 649
856 403
368 475
652 389
857 402
916 427
441 629
636 645
432 362
781 423
802 559
670 406
891 461
904 434
427 577
432 543
437 630
840 535
378 498
920 425
366 419
821 502
390 407
372 409
368 407
925 424
678 622
525 622
480 335
525 623
367 404
919 431
841 538
371 470
930 422
799 560
591 638
431 367
889 417
404 511
891 465
587 639
819 499
858 401
774 415
434 623
369 402
585 636
625 647
451 656
592 642
582 639
895 460
372 402
898 462
695 621
582 643
923 432
751 405
439 632
454 361
793 563
480 354
861 401
609 409
926 436
383 501
370 398
364 409
897 465
900 459
497 338
862 397
769 417
373 429
431 627
424 577
361 412
396 510
927 432
385 502
394 400
845 513
457 651
901 464
921 435
931 432
903 468
929 418
811 529
806 559
926 441
697 619
860 395
494 332
926 416
865 395
933 431
449 656
907 435
863 393
629 651
396 512
366 471
912 412
813 415
900 468
384 503
388 405
849 401
794 564
644 373
845 536
648 371
779 589
933 428
363 470
480 335
869 393
916 411
406 509
932 416
848 514
933 434
916 406
597 605
375 437
934 414
470 647
770 577
427 629
482 333
632 640
638 646
905 465
900 471
902 474
902 456
438 345
426 581
847 538
808 562
933 413
497 332
458 655
435 343
937 432
937 416
445 652
421 576
941 417
396 514
859 390
924 442
939 431
850 518
937 438
848 509
923 445
932 409
471 650
699 622
566 399
851 513
796 564
654 386
780 593
633 653
643 372
702 621
932 407
625 653
566 394
369 394
626 655
906 474
365 419
476 334
926 447
506 353
442 654
833 539
377 503
446 340
594 645
426 632
423 582
935 409
371 393
908 474
848 542
853 519
848 505
941 435
927 447
935 408
928 446
842 414
907 477
926 450
367 394
453 660
441 659
780 588
477 331
943 437
864 402
361 469
938 404
505 349
932 450
845 543
635 656
628 377
851 545
735 409
373 396
422 586
935 451
498 330
501 327
647 367
862 386
363 423
758 409
366 392
751 403
472 654
426 625
470 358
479 329
633 659
701 622
872 390
780 416
583 400
939 403
430 635
360 468
441 603
365 389
481 326
912 476
867 386
798 428
479 323
638 656
501 328
369 389
419 582
900 479
396 516
638 658
449 661
434 342
850 537
637 662
644 371
936 403
362 428
812 533
368 384
908 481
649 365
942 405
359 467
634 665
642 648
475 341
364 384
857 385
849 399
901 482
782 597
359 409
634 669
500 325
945 438
797 567
429 360
360 472
924 454
914 480
914 482
947 434
951 437
702 625
504 328
439 660
369 433
631 377
942 416
417 576
385 506
635 667
448 664
874 390
386 506
786 595
629 373
613 406
928 406
355 467
754 399
945 403
780 412
920 406
359 407
669 623
352 469
857 381
359 422
635 672
447 667
630 368
496 324
507 331
444 667
614 406
703 622
638 672
638 675
783 584
945 441
433 639
386 511
917 405
854 378
852 534
936 449
458 359
943 403
434 376
643 657
831 542
422 588
356 410
787 600
781 409
643 672
449 671
937 451
853 545
768 610
644 676
506 329
517 619
938 454
915 401
908 463
581 638
940 453
492 325
788 604
418 591
638 679
621 655
422 627
827 540
682 624
944 453
874 390
945 399
855 549
566 390
848 547
875 388
948 401
862 382
564 389
753 604
915 486
435 338
855 519
944 458
951 434
645 677
444 670
429 358
947 456
452 671
364 380
947 396
948 457
755 397
784 416
434 343
951 394
386 400
360 426
827 543
949 459
613 402
952 394
355 411
850 551
436 662
489 321
949 458
382 512
856 535
912 488
355 463
859 550
740 584
916 484
582 645
927 456
423 622
353 408
917 485
860 548
896 480
952 458
732 410
955 438
649 363
703 629
503 617
846 395
374 502
505 622
627 370
952 401
478 616
436 665
432 543
641 682
360 431
626 384
355 420
955 459
510 329
849 554
957 394
475 646
892 482
954 391
859 551
432 339
507 348
436 670
509 333
765 611
961 391
863 546
956 460
433 670
430 337
857 376
958 389
784 586
885 416
957 464
479 323
387 516
858 372
792 601
510 326
360 434
455 669
433 661
960 395
475 324
960 386
865 550
514 619
794 601
958 463
429 357
963 462
957 468
962 467
754 608
420 626
787 583
483 320
619 651
476 320
953 429
965 469
426 355
962 384
426 339
853 373
452 674
966 471
641 683
639 686
788 608
736 404
644 687
431 670
966 390
927 402
788 610
850 370
555 423
647 655
352 473
963 383
873 387
679 628
963 382
832 546
431 658
374 490
456 670
460 671
460 672
632 368
631 363
483 317
797 427
966 476
946 391
848 370
493 321
969 475
472 656
431 332
789 610
421 633
739 399
965 478
414 573
349 465
495 317
513 334
418 636
397 397
354 419
968 383
514 326
586 648
345 467
471 325
971 469
461 676
417 624
473 320
418 591
766 614
463 677
966 379
430 675
969 377
621 655
344 468
356 460
763 612
413 578
576 637
361 391
412 574
971 475
364 376
347 461
415 637
781 409
966 378
492 314
918 488
868 550
961 400
351 405
858 368
705 630
869 547
876 387
421 592
635 684
424 335
569 386
972 378
423 399
865 381
971 375
488 312
350 458
429 675
426 674
424 330
647 686
433 674
872 549
924 400
416 593
657 384
623 659
424 327
976 379
341 468
408 575
423 327
432 679
423 331
764 618
351 416
646 673
844 372
870 543
477 647
432 682
978 379
483 313
360 394
978 379
420 324
412 636
922 398
336 469
867 379
384 517
865 540
383 522
631 361
877 550
643 690
879 389
822 411
634 684
763 620
650 362
422 320
428 659
514 335
394 518
850 367
472 316
433 328
983 379
623 370
946 389
922 491
339 468
414 624
368 378
966 482
419 324
518 325
474 311
650 654
647 689
649 654
790 615
846 366
660 400
339 466
432 326
759 618
636 362
986 378
651 674
968 484
424 355
648 651
926 489
974 371
651 692
579 643
763 624
430 684
407 572
676 630
435 325
917 398
350 421
708 630
989 380
649 649
357 431
422 357
847 364
975 475
422 675
811 418
623 365
855 364
565 388
362 373
418 319
579 648
509 355
963 482
413 589
433 682
461 680
851 557
334 470
360 377
358 380
968 371
415 320
671 407
365 373
439 322
965 368
494 310
793 615
630 687
405 570
847 556
847 363
652 362
631 691
429 542
410 588
353 478
785 412
789 620
652 358
331 469
359 372
434 323
812 413
707 633
843 369
436 320
361 370
420 618
412 632
792 619
432 686
991 378
762 626
988 374
333 474
954 431
355 370
838 369
964 369
843 361
703 633
349 408
619 657
520 419
419 640
619 660
368 372
415 316
650 695
650 355
854 359
407 568
483 309
385 525
355 366
836 370
992 378
491 309
437 685
652 676
653 365
645 693
481 308
762 628
473 656
578 651
358 388
438 684
855 360
710 634
598 645
328 471
431 690
993 382
431 691
615 399
656 357
356 381
497 313
503 622
368 368
427 690
411 640
516 323
567 386
713 631
996 376
442 682
841 359
352 430
407 633
572 384
989 371
870 377
410 584
439 317
765 629
406 577
825 408
432 692
476 657
418 315
419 331
762 632
327 471
765 630
492 306
996 385
437 503
851 380
1000 386
862 368
326 469
352 370
786 412
765 630
500 624
459 680
844 356
654 656
842 558
325 464
573 636
713 637
427 693
461 679
403 568
791 621
660 358
760 635
833 368
352 454
978 370
348 478
524 627
459 684
650 697
990 368
420 313
573 640
795 597
757 638
519 337
865 370
875 553
882 549
496 303
404 637
351 368
406 629
418 311
885 551
357 395
976 369
577 652
576 651
443 684
575 388
353 390
577 656
346 404
712 640
441 315
426 542
614 661
501 314
793 621
400 570
482 306
798 622
988 369
878 554
769 634
992 365
917 396
456 688
963 367
869 539
647 701
465 682
852 561
882 390
795 594
885 549
969 393
994 364
323 464
432 695
573 380
402 629
320 465
405 585
462 668
469 317
421 309
317 469
1002 383
852 355
349 370
731 407
426 661
497 299
798 624
345 404
798 596
421 680
995 360
845 354
963 486
799 627
617 662
654 697
358 364
314 470
362 361
445 688
878 558
858 356
771 633
967 487
798 597
635 694
963 366
346 367
660 360
468 323
840 357
714 640
398 567
420 305
621 362
366 362
774 635
347 374
330 477
425 695
366 360
947 387
628 690
360 358
653 689
848 350
677 631
313 466
859 355
650 703
968 486
655 355
527 628
428 698
712 643
637 696
424 700
576 380
347 454
808 417
344 368
575 659
841 351
655 703
841 348
469 680
420 696
653 707
962 362
418 695
343 377
427 702
400 563
711 648
493 297
475 662
427 704
962 361
382 521
958 363
442 314
663 354
655 676
498 297
652 708
960 489
623 360
340 371
652 711
848 347
914 395
659 699
666 356
498 294
886 552
667 353
314 473
379 522
961 357
785 621
423 672
649 709
652 712
423 706
369 360
633 694
396 563
956 355
850 562
650 715
682 630
839 346
414 620
651 715
358 357
999 358
848 346
478 305
624 691
648 717
914 493
502 296
662 702
650 720
501 293
522 327
448 341
649 350
311 471
309 473
421 705
423 709
803 597
400 634
413 619
995 356
862 358
396 635
509 353
497 289
339 370
495 289
843 344
645 718
398 575
863 367
1002 357
712 649
662 706
850 345
307 469
866 357
953 357
850 345
404 627
851 341
318 461
524 329
305 465
474 308
749 399
833 365
949 356
489 298
471 677
867 366
400 625
505 291
507 287
352 393
843 563
623 692
426 710
338 369
349 422
357 354
429 713
348 422
302 462
395 518
752 396
395 560
307 476
357 352
974 472
420 681
649 724
427 714
379 524
867 357
354 356
838 357
338 368
418 684
485 297
612 664
306 477
433 716
839 341
417 692
483 301
671 351
951 352
328 461
432 719
528 331
476 665
855 341
970 491
335 370
343 402
303 465
706 649
652 724
352 353
646 727
333 370
417 301
916 496
576 378
857 340
480 663
947 350
354 348
503 284
665 709
943 386
418 684
980 367
644 704
652 349
916 392
959 350
350 348
1002 353
716 647
671 348
786 624
504 282
428 722
416 703
880 560
641 704
410 315
652 346
671 410
460 686
325 475
305 478
963 459
511 285
373 372
579 376
838 336
415 692
332 369
455 692
347 353
664 706
947 385
416 303
570 641
703 634
995 351
975 492
663 696
477 305
654 346
709 651
669 706
514 282
976 492
430 724
484 661
611 399
408 316
668 712
1002 349
379 525
653 728
774 637
426 723
643 727
330 479
418 300
319 456
505 282
672 711
674 355
515 282
1007 349
403 587
647 732
871 357
653 344
945 351
653 340
851 337
420 298
415 679
841 562
649 340
331 482
325 479
654 730
860 339
942 354
433 712
864 337
718 648
408 318
302 467
418 294
622 697
976 491
652 732
301 462
457 693
297 469
351 344
343 354
658 731
433 727
978 496
620 363
976 477
304 459
941 356
484 296
843 566
661 733
435 728
435 729
799 629
342 354
373 501
353 340
812 408
962 455
851 565
483 657
851 568
659 734
883 560
515 277
886 563
981 498
942 349
417 707
348 450
665 698
741 397
799 632
963 350
1001 345
394 636
666 348
773 641
432 729
995 346
419 292
674 709
492 289
890 550
413 675
849 572
526 334
331 365
325 481
328 486
411 677
620 699
674 715
339 405
851 334
739 395
324 487
621 361
993 347
414 296
616 703
660 738
474 674
519 338
659 741
777 635
665 737
415 708
946 346
1009 345
381 528
327 367
964 352
663 741
347 342
839 565
835 339
495 285
368 358
665 695
500 280
461 695
887 563
997 343
297 472
665 495
871 353
420 289
483 656
374 522
939 354
414 693
994 346
409 310
664 744
348 481
673 718
430 733
386 528
492 284
307 480
515 287
721 646
445 691
889 565
675 710
888 563
673 404
320 485
801 625
409 321
626 700
517 279
1002 341
855 568
665 742
669 737
414 642
586 651
428 737
890 569
458 698
391 636
328 364
961 348
488 663
839 337
326 457
575 375
457 702
936 352
729 403
891 567
965 348
303 459
325 489
423 722
807 408
368 355
803 630
887 572
519 279
351 338
647 336
669 743
991 343
853 575
893 554
839 335
373 522
671 347
608 666
572 376
839 331
582 379
326 493
403 584
581 372
776 645
427 735
345 425
410 296
309 482
966 344
519 289
831 373
800 635
943 342
407 678
390 637
499 279
1006 339
324 366
670 747
471 306
326 495
402 679
350 335
432 740
933 353
388 635
343 342
780 407
387 632
619 359
370 525
412 710
412 291
501 275
424 736
1010 337
674 745
704 650
832 339
395 565
836 332
423 738
384 633
521 276
960 345
303 457
800 635
645 736
834 329
299 454
845 574
343 340
369 502
517 273
842 327
670 733
435 741
531 326
422 738
326 361
460 704
294 457
839 324
677 353
992 340
976 500
382 632
804 636
421 741
988 343
380 629
841 572
965 340
500 271
340 351
986 343
524 276
640 729
860 344
808 635
295 477
842 320
664 347
417 287
659 744
421 744
294 476
421 733
638 733
836 322
475 671
779 648
717 652
317 456
341 342
323 363
470 306
378 628
858 571
851 576
844 319
380 632
482 292
677 403
489 663
676 744
410 291
657 340
638 703
895 551
673 358
424 287
939 342
411 646
439 726
411 692
964 338
488 282
936 356
672 750
786 421
417 283
892 573
830 546
722 649
993 336
831 328
374 628
994 336
420 747
419 742
804 621
291 475
981 503
519 272
323 498
836 318
319 363
636 729
505 271
673 719
615 361
677 750
527 273
480 295
406 676
848 319
432 745
829 324
420 749
294 481
679 748
371 628
409 291
808 638
684 748
808 641
514 269
421 751
529 273
399 581
410 707
467 306
289 474
660 748
396 583
578 661
527 270
686 744
809 635
404 317
415 714
942 339
355 339
1009 335
938 337
318 359
938 334
813 640
654 743
529 269
412 716
293 483
827 320
847 314
804 599
935 336
813 632
384 627
405 293
293 458
498 274
993 332
816 634
989 331
462 703
418 751
837 318
499 272
838 317
355 338
414 748
932 335
658 748
725 653
530 266
933 331
386 626
941 330
315 355
815 639
1014 344
674 736
818 633
371 529
736 396
684 751
634 359
972 499
391 562
817 643
533 270
927 335
654 750
424 753
338 401
352 332
316 366
635 728
337 343
433 749
941 326
408 693
495 270
403 293
818 647
1013 335
432 752
893 573
942 323
662 339
479 293
427 287
986 331
435 746
653 753
979 472
783 405
339 339
318 455
721 655
969 337
844 311
321 453
856 578
634 355
849 316
313 355
494 268
405 694
404 309
703 649
512 322
340 406
438 750
337 339
391 640
394 583
440 751
293 454
535 271
849 312
995 330
985 496
291 461
290 456
995 328
464 695
420 669
848 310
403 298
996 327
784 401
287 460
964 335
317 369
994 323
289 480
729 414
285 474
387 642
930 328
925 333
960 337
433 756
421 756
895 577
844 308
635 731
896 580
416 281
339 334
656 757
313 355
315 351
287 463
943 325
343 397
371 633
407 705
829 316
844 304
819 641
317 347
398 621
384 623
939 321
657 688
285 475
848 305
284 472
679 356
284 457
403 302
899 578
388 644
947 323
633 730
813 649
941 316
866 339
412 279
466 695
650 753
634 736
352 331
726 653
583 371
539 268
441 750
649 755
950 321
418 757
435 759
678 755
527 263
654 759
442 748
492 263
366 524
316 349
465 706
1001 327
310 357
947 324
414 281
281 470
843 304
395 588
645 755
307 358
278 473
420 759
420 762
986 329
821 650
851 303
944 314
420 358
369 625
386 619
939 312
390 584
315 452
839 303
861 334
490 662
423 764
813 654
406 695
682 753
475 294
320 348
308 352
313 345
314 341
649 761
983 327
844 301
675 758
411 275
821 650
402 303
978 502
398 677
418 763
981 507
829 332
706 653
412 751
951 323
954 320
282 453
869 338
883 574
671 342
367 625
894 583
521 289
372 532
636 725
851 321
370 631
276 475
370 632
998 322
399 683
334 399
417 766
273 474
367 631
898 585
808 407
531 261
641 755
660 337
954 318
616 695
421 768
416 769
271 475
439 728
927 493
334 398
860 580
852 299
442 755
272 476
414 770
410 772
533 258
270 477
946 310
280 457
937 309
270 472
994 321
357 333
392 647
305 350
295 452
333 338
903 583
727 403
999 319
277 459
955 314
303 356
870 334
953 311
407 773
674 735
319 500
415 774
678 705
420 773
839 301
645 758
727 653
303 349
959 312
392 580
493 271
657 762
992 318
417 278
832 365
444 746
317 340
466 694
432 759
350 328
769 643
958 309
942 309
758 397
417 779
316 338
419 354
687 755
362 525
902 587
265 474
962 311
688 749
339 332
443 754
693 748
817 653
937 317
814 627
615 704
408 778
388 581
405 698
293 483
403 706
1014 333
1015 328
294 487
494 261
324 500
651 336
982 507
407 769
956 306
952 305
931 325
400 310
301 348
424 774
856 301
399 297
300 356
823 653
679 704
986 508
689 757
406 776
525 258
1003 325
957 304
687 757
398 303
408 748
404 778
411 276
401 710
530 325
673 339
990 509
654 332
782 645
296 353
938 306
999 316
724 404
566 641
311 338
408 273
823 635
446 753
533 330
821 656
361 333
676 720
410 272
534 258
958 300
827 337
871 337
825 654
509 351
670 335
941 303
646 764
823 660
826 660
655 764
535 254
421 780
963 307
312 337
840 297
673 758
277 453
394 559
937 302
634 739
645 765
656 767
272 482
644 332
828 663
822 661
333 401
419 781
763 397
674 339
1002 315
892 586
674 336
296 358
405 276
345 426
643 767
365 622
828 664
896 551
365 621
824 321
742 395
819 322
403 768
869 329
851 296
897 546
402 767
330 403
826 666
809 656
408 715
339 329
871 326
396 296
693 755
989 315
902 589
481 291
935 305
820 666
678 722
856 296
262 475
694 756
397 686
856 292
404 270
532 251
958 489
296 347
859 296
418 784
980 512
533 250
408 718
401 779
277 451
685 743
675 759
278 450
401 270
405 266
312 335
530 250
861 294
695 747
684 741
853 290
864 290
678 761
444 316
990 312
401 767
699 652
707 657
475 292
266 469
386 564
654 328
981 324
260 471
276 459
671 331
450 751
389 651
982 469
408 719
976 514
527 248
829 669
689 741
358 525
386 651
829 672
641 768
991 311
680 765
418 788
905 592
262 476
605 663
826 673
361 625
279 448
368 352
537 248
822 673
859 288
734 392
695 758
958 299
409 745
932 304
397 766
584 381
851 286
406 750
684 764
361 621
900 551
851 289
282 446
684 766
674 331
271 483
1007 322
302 343
326 401
295 357
637 768
697 760
639 752
369 618
273 458
305 339
676 406
675 331
316 498
956 296
659 766
821 674
360 528
415 792
821 678
418 787
330 496
296 345
833 670
1008 321
421 790
414 795
361 531
637 758
396 312
835 668
908 583
399 780
837 297
423 792
990 311
697 746
394 780
678 701
536 243
853 285
732 389
360 622
385 646
849 287
363 635
929 300
277 445
404 781
860 284
297 489
663 767
861 284
933 297
342 326
1006 313
294 491
296 493
424 796
257 471
291 355
295 358
835 672
678 328
534 241
668 696
636 760
837 674
271 459
254 471
821 680
840 294
695 765
750 392
395 673
839 670
874 325
526 247
269 484
260 478
938 296
426 790
363 336
860 281
401 279
405 264
865 292
492 257
989 513
991 308
927 328
254 470
250 472
338 324
987 309
973 516
856 279
258 481
316 498
402 714
361 634
541 248
362 635
299 449
847 284
356 623
410 264
833 300
993 309
842 672
986 304
402 263
859 279
992 515
681 767
634 766
834 293
694 767
354 627
682 704
819 318
777 649
844 675
414 797
354 628
400 265
821 681
980 322
858 277
637 772
464 303
927 302
490 256
678 325
343 323
443 313
700 762
523 248
663 768
395 763
879 577
862 583
411 261
843 677
336 320
309 332
294 361
828 369
490 264
844 668
845 281
412 799
904 553
405 260
651 328
365 637
469 705
844 681
846 683
293 343
957 292
866 293
409 741
401 749
899 554
853 276
1010 314
415 262
425 795
352 625
279 442
841 681
254 467
690 770
400 259
249 473
905 595
251 474
924 299
277 441
667 329
697 767
843 684
958 291
848 673
396 761
471 704
822 683
961 293
631 768
848 671
356 524
628 770
648 325
625 772
270 461
255 463
629 767
398 706
987 300
659 771
349 630
928 296
336 322
858 274
413 261
702 764
910 586
394 763
700 768
860 272
823 686
337 396
399 717
245 473
819 316
943 300
426 796
874 329
953 294
394 781
397 258
534 239
291 364
683 700
679 324
298 446
856 268
443 309
643 334
636 775
426 800
838 683
685 706
301 338
938 291
491 255
371 617
988 517
704 759
396 684
624 771
1009 321
731 655
344 320
839 686
951 291
677 320
638 775
395 710
395 258
282 440
735 658
272 439
959 288
834 292
397 781
992 299
426 284
706 764
991 299
956 285
409 799
723 658
707 761
848 686
960 286
854 265
532 236
698 771
692 772
399 256
831 291
538 237
807 653
659 775
395 707
401 253
991 296
301 335
699 743
827 650
292 365
345 628
343 627
356 528
272 484
681 771
990 505
292 366
683 328
253 462
686 324
705 755
336 319
395 757
959 490
540 235
244 470
708 767
958 281
781 397
992 294
908 593
343 624
248 461
243 475
926 292
830 313
398 250
841 664
620 775
359 534
818 682
392 783
394 302
972 512
337 318
287 364
354 524
534 233
688 327
679 317
403 786
256 459
393 785
390 301
997 298
534 232
819 687
389 788
935 288
430 284
817 314
988 295
292 343
632 723
1012 312
738 660
710 758
852 685
302 330
398 721
343 424
341 628
488 267
293 339
869 292
395 250
927 290
287 355
868 370
393 249
708 757
823 690
471 708
382 644
428 797
949 287
321 504
864 281
843 577
493 659
632 756
877 321
816 691
995 511
407 800
680 316
406 804
389 250
533 227
308 328
404 799
541 270
828 648
353 621
623 775
325 506
339 630
640 777
570 373
353 617
855 263
827 295
993 289
290 339
400 745
625 778
656 776
332 324
711 754
401 724
487 256
424 800
251 457
997 290
920 302
681 721
994 285
355 532
856 686
388 781
995 285
1001 292
999 283
982 475
242 479
402 803
408 807
963 288
375 533
819 313
494 252
928 287
893 589
998 278
999 277
623 780
392 676
1001 273
458 704
1002 286
679 775
663 329
949 283
352 535
836 688
406 812
824 691
307 325
734 387
681 312
429 803
850 261
545 273
823 633
274 436
855 260
283 367
491 248
998 273
537 225
494 245
397 270
402 248
328 324
530 223
418 264
848 689
857 687
838 691
837 692
390 762
634 778
394 245
391 790
817 322
660 780
986 474
340 620
391 244
386 253
387 245
846 260
689 777
383 245
1003 271
246 461
675 342
335 315
543 251
545 247
690 778
295 369
284 369
391 763
398 724
901 597
387 787
383 786
298 497
701 774
847 257
927 285
391 680
858 685
635 706
305 322
243 482
240 468
908 596
852 257
400 806
849 254
248 455
1004 278
536 222
843 256
662 779
257 484
923 289
956 278
1005 271
1006 267
431 801
336 631
859 687
848 251
242 486
880 579
325 451
909 597
996 269
840 253
293 494
924 284
390 242
902 602
244 459
961 279
924 281
285 340
637 781
859 265
266 488
838 253
858 682
387 792
240 455
295 500
352 616
925 279
827 341
394 269
323 506
338 313
739 660
380 783
428 807
638 783
861 686
977 517
827 693
289 496
711 767
540 228
392 794
955 277
803 409
625 782
281 338
660 784
398 809
850 694
840 260
902 603
848 246
384 796
472 711
239 475
690 779
847 245
663 327
318 449
1002 267
381 797
1009 264
781 396
957 274
703 745
864 690
692 328
954 275
336 634
812 321
649 323
384 243
998 266
661 322
863 264
919 298
385 239
246 487
428 807
855 319
704 775
841 248
647 321
834 253
687 783
648 319
923 332
957 270
545 234
383 237
656 784
812 323
530 220
268 490
829 698
824 699
537 221
286 338
683 358
702 778
699 742
398 278
785 648
298 333
1004 288
338 635
544 275
707 744
675 774
404 814
337 636
844 245
391 683
535 221
336 640
619 397
924 276
386 585
852 246
404 815
857 247
483 258
384 800
947 284
280 437
619 783
396 744
845 695
236 476
854 244
389 764
853 239
243 451
994 264
241 487
913 597
281 335
835 248
397 717
404 815
285 332
397 812
711 746
332 628
845 698
854 238
297 501
707 776
689 783
864 685
526 225
919 275
663 786
338 312
389 256
688 787
241 447
393 813
381 237
873 320
992 269
524 227
400 817
398 821
466 299
1006 261
960 494
858 239
805 650
812 693
845 699
391 677
350 523
314 502
286 352
260 488
376 535
976 520
709 776
435 801
958 266
691 791
831 252
296 502
966 279
390 812
274 435
865 266
635 785
390 296
644 316
237 468
841 701
399 823
283 433
364 638
851 236
869 266
266 492
955 265
284 372
233 477
545 236
689 792
846 703
278 339
483 255
280 331
844 705
331 635
640 787
1002 261
687 796
923 272
714 752
953 271
380 798
840 704
1009 263
333 640
859 245
277 330
380 799
382 251
680 633
649 315
951 265
320 508
425 811
866 684
437 803
257 490
929 279
335 310
240 488
651 312
863 239
868 690
299 331
958 266
481 255
275 337
403 824
394 721
503 267
694 793
824 700
422 810
639 789
276 338
426 811
955 263
816 326
381 234
710 742
870 681
329 639
376 802
377 237
474 290
640 790
625 786
989 264
962 267
397 826
386 685
388 765
991 260
232 480
279 368
548 231
828 253
427 774
330 312
849 706
529 216
438 804
311 326
905 555
475 713
329 644
841 242
865 694
240 492
893 593
717 752
964 263
871 691
811 327
380 233
995 258
685 797
997 513
376 237
296 327
237 489
385 767
862 237
713 743
388 305
397 755
991 256
908 555
739 661
718 744
520 628
665 695
851 671
444 760
280 365
379 230
381 779
1009 258
710 780
240 465
798 571
276 343
384 765
873 687
823 704
736 664
841 709
239 443
827 252
951 260
328 508
327 629
987 258
853 704
378 778
967 277
921 273
395 829
400 743
876 683
547 229
239 495
386 680
378 805
697 795
528 215
1008 254
976 523
528 215
1014 256
378 232
819 703
667 788
330 644
550 226
233 487
825 707
275 328
324 639
859 234
391 830
389 825
863 698
872 680
275 328
265 497
323 400
551 222
643 790
874 693
399 831
279 361
689 799
916 599
439 761
712 767
919 269
372 237
826 250
698 797
323 511
864 238
865 243
898 543
230 486
735 665
825 709
276 326
878 695
274 322
228 478
713 783
335 306
279 360
824 711
367 237
879 692
369 234
682 800
366 239
868 236
985 264
878 679
999 518
825 253
401 833
314 497
662 791
881 692
476 253
330 307
659 792
228 483
293 505
324 513
343 620
553 224
715 782
440 800
340 641
823 712
403 245
382 762
714 738
377 807
245 446
276 346
822 712
988 253
549 234
405 827
224 485
947 267
477 253
739 668
394 753
1015 256
877 696
236 499
644 317
385 759
823 250
826 711
326 641
718 778
549 247
621 787
678 312
269 440
365 239
946 263
379 759
379 808
882 696
1013 254
390 718
364 239
1016 252
826 293
223 484
885 690
945 260
284 328
238 445
1017 250
334 302
401 835
991 250
408 828
985 253
324 645
270 328
387 811
861 230
825 290
337 307
271 325
327 310
381 812
233 466
991 247
993 519
993 247
963 259
910 559
396 747
617 785
890 691
716 735
367 233
946 256
819 251
948 253
989 243
270 329
803 593
817 253
408 825
943 257
326 648
267 322
1013 250
848 232
689 804
854 706
556 221
337 617
401 837
339 617
236 455
886 687
220 481
382 816
867 244
988 240
274 318
989 238
941 262
234 453
383 819
384 586
670 790
892 694
295 506
530 212
952 253
377 814
442 805
715 784
476 712
993 238
381 228
885 700
366 230
614 781
378 763
530 207
955 251
373 778
714 788
1005 251
849 230
1004 249
988 238
986 237
286 327
699 798
264 318
382 684
554 233
326 306
849 709
427 816
873 291
555 237
717 734
982 235
853 709
375 815
239 440
371 813
680 803
405 245
221 478
982 232
408 828
815 703
693 805
326 302
684 312
981 229
922 268
217 484
286 323
268 442
838 709
955 247
383 688
236 444
696 806
699 795
989 233
328 298
443 807
986 230
854 714
995 235
719 752
288 324
384 227
216 488
900 604
388 717
1005 246
841 714
400 838
976 230
986 227
529 206
737 672
402 842
338 300
273 345
722 755
838 717
409 246
680 804
985 223
716 788
916 265
322 648
325 629
816 250
680 806
527 207
720 777
393 294
399 840
377 758
343 300
239 438
553 219
390 834
867 248
852 714
611 783
445 803
430 819
268 500
274 317
974 520
365 233
235 439
849 718
898 608
984 220
682 807
214 486
395 727
655 792
424 819
235 498
858 714
385 223
723 775
850 719
1021 249
655 793
1009 245
898 608
995 522
386 308
880 681
854 720
826 634
682 311
676 802
262 497
390 838
852 227
409 250
378 681
639 793
890 698
853 225
723 780
375 778
848 228
288 375
945 251
215 480
273 314
413 826
855 222
261 498
265 503
976 225
1010 242
296 369
371 814
276 317
887 685
996 232
320 636
624 789
863 231
889 702
895 690
723 779
361 239
476 251
378 249
370 816
983 220
339 615
808 321
274 310
888 706
971 512
853 219
370 815
701 798
899 688
325 313
848 720
985 217
392 841
291 505
367 819
911 559
984 215
385 718
529 205
447 810
367 823
852 218
973 230
981 214
703 802
858 722
974 227
382 689
272 342
213 489
373 775
295 373
528 202
981 213
997 524
699 807
956 245
849 721
858 220
382 223
210 486
263 322
361 640
982 208
363 821
285 493
387 720
329 295
941 248
852 215
369 772
411 830
405 845
846 226
335 617
854 212
856 209
701 810
283 377
207 488
904 607
408 242
838 242
889 710
1003 242
857 725
890 712
386 690
379 534
211 492
860 728
524 199
895 712
255 490
714 765
260 318
326 653
322 299
310 320
275 368
853 212
860 210
978 208
386 840
357 238
855 204
447 812
262 315
989 218
853 669
370 777
973 221
363 819
809 693
269 344
262 313
986 206
367 774
257 319
265 505
542 268
860 731
232 438
264 310
743 662
986 204
846 722
206 488
987 207
686 314
279 430
359 821
942 245
202 490
851 205
825 714
204 487
851 200
816 312
861 713
385 223
558 232
326 656
861 207
982 203
973 218
432 823
855 199
350 323
200 486
367 771
356 234
856 196
451 811
520 201
989 204
863 731
838 241
268 309
274 359
971 223
855 195
1009 238
684 809
856 733
340 613
679 341
696 809
716 739
701 811
847 198
273 361
262 507
975 208
320 635
365 767
675 801
707 798
916 602
381 589
914 561
971 213
357 823
724 772
844 229
816 248
966 223
866 735
366 826
318 636
987 203
863 209
654 795
213 476
832 287
866 736
824 718
279 310
746 662
983 199
357 825
722 744
916 599
386 844
870 232
716 790
964 220
380 692
356 828
817 253
813 256
921 598
899 689
974 203
267 305
354 824
266 304
230 440
240 501
844 726
918 606
855 192
558 222
846 198
705 813
902 692
382 618
385 222
369 828
352 239
621 768
256 320
428 826
435 826
869 247
384 221
265 304
385 843
993 202
263 304
211 475
563 232
520 201
197 489
389 220
353 826
318 649
266 341
974 199
901 686
349 826
652 310
263 302
974 206
259 301
527 197
904 694
653 798
996 203
822 720
818 243
290 510
1010 237
738 674
329 293
249 444
241 435
545 254
841 727
521 198
867 735
258 300
383 846
842 199
704 815
940 246
393 218
897 715
1012 238
906 693
249 441
964 219
808 256
814 707
446 764
492 664
382 217
869 732
964 216
294 513
262 508
253 321
872 733
996 202
637 796
853 737
807 658
520 194
852 192
970 206
856 189
844 193
324 655
333 615
859 187
987 196
996 197
383 719
213 496
392 215
521 190
354 829
250 320
619 355
855 183
805 257
262 297
971 198
1001 197
960 217
229 443
990 194
384 716
840 194
987 193
943 243
916 609
318 653
861 188
958 218
232 462
249 321
444 815
346 825
972 197
248 317
437 822
395 212
246 323
690 323
232 498
350 238
1004 200
865 211
261 508
936 245
451 814
967 198
695 329
855 183
342 642
436 828
991 191
256 299
246 323
908 688
641 317
355 231
245 327
353 833
710 802
378 785
431 829
262 341
885 706
718 793
700 816
226 447
345 239
860 185
854 739
994 189
442 724
417 260
261 294
320 295
474 253
328 616
959 215
977 196
553 215
259 510
898 716
989 187
470 249
641 798
255 295
716 730
200 491
243 327
241 329
709 814
993 186
195 489
340 241
451 817
297 515
385 847
956 220
683 308
392 211
875 731
619 790
875 736
866 187
327 616
469 253
698 818
208 497
363 769
645 800
355 232
974 193
362 767
435 833
984 186
191 486
397 279
255 295
974 191
190 488
811 688
350 833
523 191
997 189
245 313
253 292
348 836
440 833
866 207
198 495
872 737
344 830
877 737
274 431
982 184
976 187
241 316
942 241
379 846
230 435
248 330
881 739
187 490
380 215
323 627
190 483
878 741
898 718
365 762
837 727
518 189
433 836
869 184
977 183
880 741
517 200
872 237
993 185
984 181
456 811
316 652
984 180
383 755
611 786
881 737
977 178
188 487
853 180
838 200
252 302
866 180
376 848
850 177
979 178
419 261
238 333
642 802
397 208
401 206
400 846
404 848
814 711
315 649
248 300
237 332
241 501
521 185
872 186
225 449
872 179
363 778
998 187
187 482
874 178
522 184
245 433
883 741
609 781
185 491
398 204
568 645
649 309
1002 186
636 801
1000 182
315 656
722 794
343 835
345 822
245 299
648 800
888 684
723 797
882 745
238 333
965 196
698 823
839 190
243 301
996 178
255 289
347 836
986 176
994 177
852 737
874 178
898 684
255 288
707 819
238 299
986 175
1003 179
869 176
810 254
263 290
642 807
877 179
941 238
318 630
346 840
272 430
194 497
887 713
877 185
184 484
991 173
255 286
270 357
1004 177
1002 176
343 826
867 175
975 174
227 436
400 848
851 743
1007 174
389 259
236 503
641 808
878 184
561 228
977 171
350 841
348 845
514 202
637 810
555 212
397 212
361 760
249 332
979 168
609 791
255 283
372 800
406 851
975 170
895 720
700 826
343 823
925 597
238 299
1011 176
696 828
978 165
1008 170
855 177
608 785
341 236
975 163
881 178
848 744
854 746
993 170
387 850
343 818
316 639
885 745
375 849
256 282
266 357
359 760
201 481
865 171
251 280
391 750
380 693
235 295
1007 169
344 847
339 823
1014 175
847 744
953 217
954 214
235 332
974 160
1011 168
342 845
867 173
